2 rbox 15 D2
15
-0.4999921736307369 -0.3684622117955817 
0.2556053225468894 -0.04134986786297512 
0.03276723766025835 -0.2810408135699488 
-0.452955383763607 0.17886471718444
-0.4340331991520088 0.2040213362351259 
-0.0134074059439892 -0.3382755088045034 
-0.3964777429555336 0.3985733365626757 
-0.1779394235256495 0.372106284249673 
-0.009687440944544434 0.1831762079924123 
-0.3574776182486467 -0.1263310202642633 
-0.2454605058258963 -0.4547234079378875 
0.4636824340221308 0.1106610681029605 
-0.1194331726240303 -0.3133352704470375 
-0.2258918641376234 0.4354372941287582 
0.3945951013775497 -0.04013814874006261 